962130,
962400,
967050,
990080,
1088850,
1096570,
1557740,
1577120,
1850740,
1172620,
1182900,
1196590,
1222140,
1352930,
1359090,
1361320,
1364780,
1404210,
1426210,
1462040,
1465360,
1490890,
1517290,
1659420,
1672970,
1721470,
1731460,
1817490,
1966720,
2012510,
1928870,
1966720,
2012510,
2050650,
2061250,
2110820,
2440510,
2593370,
2738380,
2878980,
8668001,
4000,
6880,
8190,
10680,
12100,
12110,
12120,
15100,
21000,
21690,
32440,
32510,
33120,
33230,
45740,
48190,
108710,
202170,
207610,
209160,
212580,
213330,
214510,
221040,
225540,
241930,
242050,
242050,
242700,
261030,
262240,
265550,
271590,
281990,
285160,
288160,
289650,
304240,
304430,
311560,
312520,
313690,
319510,
322170,
332800,
339340,
359550,
368260,
368500,
381210,
383150,
389730,
405310,
418370,
424840,
425580,
427190
